1101978050
1101978051
1101978052
1101978053
1101978054
1101978055
1101978056
1101978057
1101978058
1101978059
1101978060
1101978061
1101978062
1101978063
1101978064
1101978065
1101978066
1101978067
1101978068
1101978069
1101978070
1101978071
1101978072
1101978073
1101978074
1101978075
1101978076
1101978077
1101978078
1101978079
1101978080
1101978081
1101978082
1101978083
1101978084
1101978085
1101978086
1101978087
1101978088
1101978089
1101978090
1101978091
1101978092
1101978093
1101978094
1101978095
1101978096
1101978097
1101978098
1101978099
1101978100
1101978101
1101978102
1101978103
1101978104
1101978105
1101978106
1101978107
1101978108
1101978109
1101978110
1101978111
1101978112
1101978113
1101978114
1101978115
1101978116
1101978117
1101978118
1101978119
1101978120
1101978121
1101978122
1101978123
1101978124
1101978125
1101978126
1101978127
1101978128
1101978129
1101978130
1101978131
1101978132
1101978133
1101978134
1101978135
1101978136
1101978137
1101978138
1101978139
1101978140
1101978141
1101978142
1101978143
1101978144
1101978145
1101978146
1101978147
1101978148
1101978149
1101978150
1101978151
1101978152
1101978153
1101978154
1101978155
1101978156
1101978157
1101978158
1101978159
1101978160
1101978161
1101978162
1101978163
1101978164
1101978165
1101978166
1101978167
1101978168
1101978169
1101978170
1101978171
1101978172
1101978173
1101978174
1101978175
1101978176
1101978177
1101990020
1101991210
1101991211
1101991212
1101991213
1101991214
1101991215
1101991216
1101991217
1101991218
1101991219
1101991220
1101991221
1101991223
1101992000
1101992001
1101992002
1101992003
1101992004
1101992005
1101992006
1101992007
1101992008
1101992009
1101992010
1101992011
1101992012
1101994000
1101994001
1101994002
1101994003
1101994004
1101994005
1101994006
1101994007
1101994008
1101995010
1101995011
1101995012
1101995013
1101995014
1101995015
1101995016
1101995017
1101995018
1101995019
1101995020
1101995021
1101995022
1101995023
1101995024
1101995025
1101995026
1101995027
1101995028
1101995029
1101995030
1101995031
1101996020
1101996021
1101996022
1101996023
1101996024
1101996025
1101996026
1101996027
1101996028
1101996029
1101996030
1101996031
1101996032
1101996033
1101996034
1101996035
1101996036
1101996037
1101996038
1101996039
1101998090
1101998100
1102000060
1102000061
1102000062
1102000063
1102000064
1102000065
1102000066
1102000067
1102000068
1102000069
1102000070
1102000071
1102000072
1102000073
1102000074
1102000075
1102000076
1102000077
1102000078
1102000079
1102000081
1102000090
1102001160
1102002189
1102005130
1102005131
1102005132
1102005133
1102005134
1102005135
1102005136
1102005137
1102005138
1102005139
1102005140
1102005141
1102005142
1102005143
1102005144
1102005145
1102005146
1102005147
1102005148
1102005149
1102005150
1102005151
1102005152
1102005153
1102005154
1102005155
1102005156
1102005157
1102005158
1102005159
1102005160
1102005161
1102005162
1102005163
1102005165
1102005167
1102005168
1102005169
1102006290
1102007040
1102007041
1102007042
1102007043
1102007044
1102007045
1102007046
1102007047
1102007048
1102007049
1102007050
1102007051
1102007052
1102007053
1102007054
1102007055
1102007056
1102007057
1102007058
1102007059
1102007060
1102007061
1102007062
1102007065
1102007066
1102007442
1102008060
1102008061
1102008062
1102008063
1102008064
1102008065
1102008066
1102008067
1102008068
1102008069
1102008070
1102008071
1102008072
1102008073
1102008074
1102008075
1102008076
1102008077
1102008080
1102008081
1102008082
1102008083
1102008084
1102008085
1102008086
1102008087
1102008088
1102008089
1102008270
1102008271
1102008390
1102008391
1102011040
1102011041
1102011042
1102011043
1102011044
1102011045
1102011046
1102011047
1102011048
1102011049
1102011050
1102011051
1102011052
1102011053
1102011054
1102011056
1102011057
1102011058
1102011080
1102011081
1102011082
1102011083
1102011084
1102011085
1102011086
1102011087
1102011088
1102011089
1102011090
1102011091
1102011092
1102011093
1102011094
1102011096
1102011098
1102011101
1102012140
1102012141
1102012142
1102012143
1102012144
1102012145
1102012146
1102012147
1102012148
1102012149
1102012150
1102012151
1102012152
1102012153
1102012154
1102012155
1102012156
1102012157
1102012158
1102012159
1102012160
1102012161
1102012162
1102012163
1102012164
1102012165
1102012166
1102012167
1102012168
1102012169
1102012170
1102012171
1102012172
1102012180
1102012181
1102012182
1102012183
1102012184
1102012185
1102012186
1102012187
1102012188
1102012189
1102012190
1102012191
1102012192
1102012193
1102012194
1102012195
1102012196
1102012197
1102012198
1102012770
1102013250
1102013251
1102013252
1102013253
1102013254
1102013255
1102013256
1102013257
1102013258
1102013259
1102013260
1102013261
1102013262
1102013263
1102013264
1102013265
1102013266
1102013267
1102013268
1102013269
1102013270
1102013271
1102013272
1102013273
1102013274
1102013275
1102013276
1102013277
1102013279
1102013280
1102013380
1102013390
1102013400
1102013410
1102013500
1102013520
1102013521
1102013522
1102013523
1102013524
1102013525
1102013526
1102013527
1102013528
1102013529
1102013530
1102013531
1102013532
1102013533
1102013534
1102013535
1102013536
1102013537
1102014604
1102014605
1102014606
1102014607
1102014608
1102014609
1102014610
1102014611
1102014612
1102014613
1102014614
1102014615
1102014616
1102014617
1102014618
1102014619
1102014620
1102014621
1102014622
1102014623
1102014624
1102014625
1102014626
1102014627
1102014628
1102014629
1102014630
1102014631
1102014632
1102014633
1102014634
1102014635
1102014636
1102014637
1102014638
1102014639
1102014640
1102014641
1102014642
1102014643
1102014644
1102014645
1102014646
1102014647
1102014648
1102014649
1102014650
1102014651
1102014652
1102014653
1102014654
1102014655
1102014656
1102014657
1102014658
1102014659
1102014660
1102014661
1102014662
1102014663
1102014664
1102014665
1102014666
1102014667
1102014668
1102014669
1102014670
1102014671
1102014672
1102014673
1102014674
1102014675
1102014676
1102014677
1102014678
1102014679
1102014680
1102014681
1102014682
1102014683
1102014684
1102014685
1102014686
1102014687
1102014688
1102014689
1102014690
1102014691
1102014692
1102014693
1102014694
1102014695
1102014696
1102014697
1102014698
1102014699
1102014700
1102014701
1102014702
1102014703
1102014704
1102014705
1102014706
1102014707
1102014708
1102014709
1102014710
1102014711
1102014712
1102014713
1102014714
1102014715
1102014716
1102014717
1102014718
1102014719
1102014720
1102014721
1102014722
1102014723
1102014724
1102014725
1102014726
1102014727
1102014728
1102014729
1102014730
1102014731
1102014732
1102014733
1102014734
1102014735
1102014736
1102014737
1102014738
1102014739
1102014790
1102014791
1102014799
1102014810
1102014910
1102015140
1102015141
1102015142
1102015143
1102015144
1102015145
1102015146
1102015147
1102015148
1102015149
1102015150
1102015151
1102015152
1102015153
1102015154
1102015155
1102015156
1102015157
1102015158
1102015159
1102015160
1102015165
1102015167
1102015169
1102015820
1102015821
1102015822
1102015823
1102015824
1102015825
1102015826
1102015827
1102015828
1102015829
1102015830
1102015832
1102015833
1102016773
1102016801
1102016802
1102016803
1102016804
1102016805
1102016806
1102016807
1102016808
1102016809
1102016810
1102016811
1102016812
1102016813
1102016814
1102016815
1102016816
1102016817
1102016818
1102016819
1102016820
1102016821
1102016822
1102016823
1102016824
1102016825
1102016826
1102016827
1102016828
1102016829
1102016830
1102016831
1102016832
1102016833
1102016834
1102016835
1102016836
1102016837
1102016838
1102016839
1102016840
1102016841
1102016842
1102016843
1102016844
1102016845
1102016846
1102016847
1102016848
1102016849
1102016850
1102016851
1102016852
1102016853
1102016854
1102016855
1102016856
1102016857
1102016858
1102016859
1102016860
1102016861
1102016862
1102016863
1102016864
1102016865
1102016866
1102016867
1102016868
1102016869
1102016870
1102016871
1102016872
1102016873
1102016874
1102016875
1102016876
1102016877
1102016878
1102016879
1102016880
1102016881
1102016882
1102016883
1102016884
1102016885
1102016886
1102016887
1102016888
1102016889
1102016890
1102016891
1102016892
1102016893
1102016894
1102016895
1102016896
1102016897
1102016898
1102016899
1102016900
1102016901
1102016902
1102016903
1102016904
1102016905
1102016906
1102016907
1102016908
1102016909
1102016910
1102016911
1102016912
1102016913
1102016914
1102016915
1102016916
1102016917
1102016918
1102016919
1102016920
1102016921
1102016922
1102016923
1102016924
1102016925
1102016926
1102016927
1102016928
1102016929
1102016930
1102016931
1102016932
1102016933
1102016934
1102016935
1102016936
1102016937
1102016938
1102016939
1102016940
1102016941
1102016942
1102016943
1102016944
1102016945
1102016946
1102016947
1102016948
1102016949
1102016950
1102016951
1102018437
1102018438
1102018439
1102018440
1102018441
1102018442
1102018443
1102018444
1102018445
1102018446
1102018447
1102018448
1102018449
1102018450
1102018451
1102018452
1102018453
1102018454
1102018455
1102018456
1102018457
1102018458
1102018459
1102018460
1102018461
1102020000
1102020001
1102020002
1102020003
1102020004
1102020005
1102020006
1102020007
1102020008
1102020009
1102020010
1102020011
1102020012
1102020014
1102020015
1102020016
1201038
2015001
2015002
2015003
2015008
2015041
2015042
2015043
2015046
2015047
2015081
2015082
2015083
2015087
2015121
2015122
2015123
2015126
2015127
2015128
2015161
2015162
2015163
2015164
2015169
2015202
2015203
2015206
2015207
2015208
2015241
2015242
2015243
2015248
2015281
2015282
2015285
2015286
2015287
2015321
2015322
2015323
2015324
2015325
2015328
2015362
2015363
2015364
2015366
2015367
2015401
2015402
2015403
2015441
2015442
2015444
2015446
2015447
2015481
2015482
2015483
2015484
2015485
2015487
2015489
2015522
2015523
2015527
2015528
2015562
2015563
2015564
2015565
2015567
2015600
2015602
2015604
2015605
2015606
2015643
2015644
2015645
2015646
2015647
2015648
2015681
2015682
2015683
2015684
2015685
2015723
2015724
2015725
2015726
2015727
2015731
2015761
2015762
2015765
2015766
2015767
2015803
2015804
2015805
2015806
2015807
2015841
2015842
2015843
2015845
2015846
2015883
2015884
2015885
2015886
2015887
2015888
2015891
2015921
2015922
2015924
2015925
2018240
2018242
2018243
2018244
2018245
2018246
2018247
2018280
2018281
2018282
2018283
2018284
2018286
2018287
2018290
2018320
2018321
2018322
2018323
2018325
2018327
2018328
2018360
2018361
2018362
2018363
2018364
2018365
2018366
2018367
2018368
2018400
2018401
2018402
2018403
2018404
2018405
2018406
2018407
2018440
2018441
2018442
2018443
2018445
2018446
2018447
2018480
2018482
2018483
2018484
2018485
2018486
2018487
2018488
2018489
2018520
2018521
2018522
2018523
2018524
2018525
2018527
2018560
2018561
2018564
2018566
2018567
2018568
2018570
2018571
2018600
2018601
2018603
2018604
2018605
2018606
2018607
2018640
2018641
2018642
2018643
2018644
2018645
2018646
2018647
2018680
2018681
2018683
2018684
2018685
2018687
2018688
2019240
2019241
2019242
2019243
2019244
2019245
2019246
2019247
2019248
2019280
2019281
2019282
2019283
2019284
2019285
2019286
2019287
2019288
2019320
2019321
2019322
2019323
2019324
2019325
2019326
2019327
2019328
2019360
2019361
2019362
2019363
2019364
2019365
2019366
2019367
2019368
2019400
2019401
2019402
2019403
2019404
2019405
2019406
2019407
2019440
2019441
2019442
2019443
2019444
2019445
2019446
2019447
2019448
2019480
2019481
2019482
2019483
2019484
2019485
2019486
2019487
2019488
2019520
2019521
2019522
2019523
2019524
2019525
2019526
2019527
2019528
2019560
2019561
2019562
2019563
2019564
2019565
2019566
2019567
2019600
2019601
2019602
2019603
2019604
2019605
2019606
2019607
2019608
2019640
2019641
2019642
2019643
2019644
2019645
2019646
2019647
2019648
2019680
2019681
2019682
2019683
2019684
2019685
2019686
2019687
2019688
2019689
2019690
2019691
201988009
202013201
202013202
202013203
202013204
202013205
202013206
202013207
202013208
202013209
202013210
202013240
202013241
202013242
202013243
202013244
202013245
202013246
202013247
202013248
202013249
202013250
202013251
202013281
202013282
202013283
202013284
202013285
202013286
202013287
202013288
202013289
202013290
202013291
202013320
202013321
202013322
202013323
202013324
202013325
202013326
202013327
202013328
202013329
202013330
202013331
202013361
202013362
202013363
202013364
202013365
202013366
202013367
202013368
202013369
202013370
202013371
202013400
202013401
202013402
202013403
202013404
202013405
202013406
202013407
202013408
202013409
202013410
202013441
202013442
202013443
202013444
202013445
202013446
202013447
202013448
202013449
202013450
202013451
202013452
202013453
202013454
202014001
202014002
202014003
202014004
202014005
202014006
202014007
202014008
202014009
202014010
202014041
202014042
202014043
202014044
202014045
202014046
202014047
202014048
202014049
202014050
202014051
202014080
202014081
202014082
202014083
202014084
202014085
202014086
202014087
202014088
202014089
202014090
202014121
202014122
202014123
202014124
202014126
202014127
202014128
202014129
202014130
202014132
202014133
202014134
202014135
202014160
202014161
202014162
202014163
202014164
202014165
202014166
202014167
202014168
202014169
202014201
202014202
202014203
202014204
202014205
202014206
202014207
202014208
202014209
202014210
202014211
202014212
202014213
202014240
202014241
202014242
202014243
202014244
202014245
202014246
202014248
202014249
202014281
202014282
202014283
202014284
202014285
202014286
202014287
202014288
202014289
202014290
202014291
202014292
202014320
202014321
202014322
202014323
202014324
202014325
202014326
202014327
202014328
202014329
202014330
202014361
202014363
202014364
202014365
202014366
202014367
202014368
202014369
202014370
202014371
202014373
202014400
202014401
202014402
202014403
202014404
202014405
202014406
202014407
202014408
202014409
202014410
202014411
202014441
202014444
202014445
202014446
202014447
202014448
202014449
202014450
202014451
202014452
202014453
202014454
202014455
202014456
202015001
202015003
202015004
202015005
202015006
202015007
202015008
202015009
202015010
202015011
202015012
202015041
202015043
202015044
202015045
202015046
202015047
202015048
202015049
202015050
202015051
202015052
202015053
202015054
202015080
202015082
202015083
202015084
202015085
202015086
202015087
202015088
202015089
202015091
202015092
202015093
202015120
202015122
202015124
202015125
202015126
202015127
202015129
202015130
202015131
202015132
202015133
202015134
202015135
202015160
202015162
202015163
202015164
202015165
202015166
202015167
202015168
202015169
202015200
202015202
202015204
202015205
202015206
202015207
202015208
202015210
202015211
202015212
202015213
202015240
202015242
202015243
202015244
202015245
202015246
202015247
202015248
202015249
202015250
202015282
202015284
202015285
202015286
202015287
202015288
202015289
202015290
202015291
202015292
202015293
202015320
202015322
202015323
202015324
202015325
202015326
202015327
202015328
202015329
202015330
202015360
202015362
202015364
202015365
202015366
202015367
202015368
202015369
202015370
202015371
202015372
202015400
202015402
202015403
202015404
202015405
202015406
202015407
202015408
202015409
202015410
202015411
202015440
202015442
202015444
202015445
202015446
202015447
202015448
202015449
202015450
202015451
202015452
202016001
202016003
202016004
202016005
202016006
202016007
202016008
202016009
202016010
202016011
202016012
202016013
202016014
202016040
202016041
202016042
202016043
202016044
202016045
202016046
202016047
202016048
202016049
202016050
202016051
202016052
202016053
202016080
202016081
202016082
202016083
202016084
202016085
202016086
202016087
202016088
202016089
202016090
202016091
202016092
202016120
202016121
202016122
202016123
202016124
202016125
202016126
202016127
202016128
202016129
202016130
202016131
202016133
202016160
202016161
202016162
202016163
202016164
202016165
202016166
202016167
202016168
202016169
202016170
202016171
202016172
202016173
202016200
202016201
202016202
202016203
202016204
202016205
202016206
202016207
202016208
202016209
202016210
202016211
202016212
202016241
202016242
202016243
202016244
202016245
202016246
202016247
202016248
202016249
202016250
202016251
202016252
202016253
202016280
202016281
202016282
202016283
202016284
202016285
202016286
202016287
202016288
202016289
202016290
202016291
202016292
202016293
202016294
202016320
202016321
202016322
202016323
202016324
202016325
202016326
202016327
202016328
202016329
202016330
202016331
202016332
202016361
202016362
202016363
202016364
202016365
202016366
202016367
202016368
202016369
202016370
202016371
202016372
202016373
202016401
202016402
202016403
202016404
202016405
202016406
202016407
202016408
202016409
202016410
202016411
202016412
202016413
202016441
202016442
202016443
202016444
202016445
202016446
202016447
202016448
202016449
202016450
202016451
202016452
202016453
202017001
202017002
202017003
202017004
202017005
202017006
202017007
202017008
202017009
202017010
202017011
202017012
202017013
202017014
202017040
202017041
202017042
202017043
202017044
202017045
202017046
202017047
202017048
202017049
202017050
202017051
202017052
202017081
202017082
202017083
202017084
202017085
202017086
202017087
202017088
202017089
202017090
202017091
202017092
202017093
202017120
202017121
202017122
202017123
202017124
202017125
202017126
202017127
202017128
202017129
202017130
202017131
202017132
202017160
202017161
202017162
202017163
202017164
202017165
202017166
202017167
202017168
202017169
202017170
202017171
202017172
202017173
202017200
202017201
202017202
202017203
202017204
202017205
202017206
202017207
202017208
202017209
202017210
202017211
202017212
202017240
202017241
202017242
202017243
202017244
202017245
202017246
202017247
202017248
202017249
202017250
202017251
202017252
202017253
202017281
202017282
202017283
202017284
202017285
202017286
202017287
202017288
202017289
202017290
202017291
202017292
202017293
202017294
202017320
202017321
202017322
202017323
202017324
202017325
202017326
202017327
202017328
202017329
202017330
202017331
202017332
202017333
202017360
202017361
202017362
202017363
202017364
202017365
202017366
202017367
202017368
202017369
202017370
202017371
202017372
202017373
202017401
202017402
202017403
202017404
202017405
202017406
202017407
202017408
202017409
202017410
202017411
202017412
202017413
202017440
202017441
202017442
202017443
202017444
202017445
202017446
202017447
202017448
202017449
202017450
202017451
202017452
202018000
202018001
202018002
202018003
202018004
202018005
202018006
202018007
202018008
202018009
202018010
202018011
202018012
202018013
202018041
202018042
202018043
202018044
202018045
202018046
202018047
202018048
202018049
202018050
202018051
202018052
202018053
202018081
202018082
202018083
202018084
202018085
202018086
202018087
202018088
202018089
202018090
202018091
202018092
202018093
202018120
202018121
202018122
202018123
202018124
202018125
202018126
202018127
202018128
202018129
202018130
202018131
202018132
202018133
202018160
202018161
202018162
202018163
202018164
202018165
202018166
202018167
202018168
202018169
202018170
202018171
202018172
202018200
202018201
202018202
202018203
202018204
202018205
202018206
202018207
202018208
202018209
202018210
202018211
202018212
202018240
202018241
202018242
202018243
202018244
202018245
202018246
202018247
202018248
202018249
202018250
202018251
202018252
202018253
202018280
202018281
202018282
202018283
202018284
202018285
202018286
202018287
202018288
202018289
202018290
202018291
202018292
202018320
202018321
202018322
202018323
202018324
202018325
202018326
202018327
202018328
202018329
202018330
202018331
202018332
202018361
202018362
202018363
202018364
202018365
202018366
202018367
202018368
202018369
202018370
202018371
202018372
202018373
202018374
202018375
202018401
202018402
202018403
202018404
202018405
202018406
202018407
202018408
202018409
202018410
202018411
202018412
202018413
202018441
202018442
202018443
202018444
202018445
202018446
202018447
202018448
202018449
202018450
202018451
202018452
202018453
202018454
202019000
202019001
202019002
202019003
202019004
202019005
202019006
202019007
202019008
202019009
202019010
202019011
202019012
202019040
202019041
202019042
202019043
202019044
202019045
202019046
202019047
202019048
202019049
202019050
202019051
202019052
202019080
202019081
202019082
202019083
202019084
202019085
202019086
202019087
202019088
202019089
202019090
202019091
202019092
202019120
202019121
202019122
202019123
202019124
202019125
202019126
202019127
202019128
202019129
202019130
202019131
202019160
202019161
202019162
202019163
202019164
202019165
202019166
202019167
202019168
202019169
202019170
202019171
202019172
202019200
202019201
202019202
202019203
202019204
202019205
202019206
202019207
202019208
202019209
202019210
202019211
202019212
202019241
202019242
202019243
202019244
202019245
202019246
202019247
202019248
202019249
202019250
202019251
202019252
202019253
202019254
202019280
202019281
202019282
202019283
202019284
202019285
202019286
202019287
202019288
202019289
202019290
202019291
202019292
202019320
202019321
202019322
202019323
202019324
202019325
202019326
202019327
202019328
202019329
202019330
202019331
202019332
202019333
202019360
202019361
202019362
202019363
202019364
202019365
202019366
202019367
202019368
202019369
202019370
202019371
202019372
202019400
202019401
202019402
202019403
202019404
202019405
202019406
202019407
202019408
202019409
202019410
202019411
202019412
202019440
202019441
202019442
202019443
202019444
202019445
202019446
202019447
202019448
202019449
202019450
202019451
202019452
202019453
202020000
202020001
202020002
202020003
202020004
202020005
202020006
202020007
202020008
202020009
202020010
202020011
202020012
202020040
202020041
202020042
202020043
202020044
202020045
202020046
202020047
202020048
202020049
202020050
202020051
202020052
202020080
202020081
202020082
202020083
202020084
202020085
202020086
202020087
202020088
202020089
202020090
202020091
202020092
202020093
202020120
202020121
202020122
202020124
202020125
202020126
202020127
202020128
202020129
202020130
202020131
202020160
202020161
202020162
202020163
202020164
202020165
202020166
202020167
202020168
202020169
202020170
202020171
202020172
202020200
202020201
202020202
202020203
202020204
202020205
202020206
202020207
202020208
202020209
202020210
202020211
202020212
202020213
202020214
202020240
