2020483
2020484
2020480
2020481
2020485
2020486
2020487
2020482
2020488
2020523
2020524
2020520
2020525
2020526
2020521
2020522
2020527
2020563
2020564
2020560
2020561
2020565
2020562
2020567
2020569
2020568
2020603
2020604
2020600
2020605
2020606
2020601
2020602
2020607
2020643
2020644
2020640
2020641
2020642
2020645
2020646
2020647
2020648
2020648
2020683
2020684
2020680
2020681
2020685
2020686
2020682
2020687
2020688
2020690
2020691
2020689
2021243
2021244
2021240
2021245
2021241
2021246
2021247
2021242
2021248
2021283
2021284
2021280
2021281
2021282
2021285
2021288
2021286
2021287
2021322
2021323
2021329
2021325
2021320
2021326
2021321
2021327
2021328
2021364
2021365
2021360
2021361
2021366
2021367
2021362
2021363
2021368
1102020950
1102020951
